1000
95
871
936
15
769
351
180
276
889
569
605
138
639
537
122
374
226
795
725
197
167
26
118
440
830
40
229
988
430
951
387
646
666
797
465
83
726
438
980
418
806
653
832
915
590
652
342
410
794
204
409
869
317
35
322
80
402
71
391
283
450
696
808
293
600
585
287
677
436
679
485
322
772
588
191
253
154
52
719
239
845
721
325
426
323
929
456
801
459
821
590
909
667
158
655
743
649
30
114
826
266
170
187
860
33
799
10
692
495
164
120
868
430
114
932
997
769
515
902
554
641
74
376
513
468
201
413
36
292
665
43
663
32
630
900
84
656
684
328
927
122
88
671
725
68
535
616
711
448
306
717
895
870
73
352
95
477
287
117
149
847
850
177
54
638
886
804
127
587
99
854
993
239
167
16
665
992
320
673
138
338
120
188
726
982
363
989
875
193
937
699
919
307
256
511
125
303
162
672
208
395
610
155
380
110
446
316
12
220
434
192
540
852
839
899
739
113
716
144
705
73
365
542
80
235
702
129
938
848
318
384
259
118
961
158
116
821
407
653
64
266
901
551
71
539
46
812
944
558
355
377
270
965
234
720
837
737
512
231
887
126
428
116
899
158
878
959
233
952
481
910
672
82
473
718
587
319
510
237
707
205
408
974
730
244
335
271
87
982
19
115
139
541
903
693
863
881
831
881
700
439
371
173
431
625
265
16
638
126
259
424
543
286
72
95
823
831
453
332
200
22
716
7
79
882
119
391
660
774
568
555
546
665
724
245
274
140
989
804
897
888
695
539
934
164
876
311
382
362
266
735
108
450
431
282
369
54
953
718
394
324
704
445
484
693
999
444
603
696
631
876
574
462
914
412
71
174
669
201
859
312
841
905
858
703
134
552
343
333
591
798
433
737
67
651
86
904
738
498
185
844
973
824
716
900
823
845
633
861
797
916
27
767
990
529
382
638
153
990
806
18
164
77
374
69
487
77
719
528
660
578
568
455
977
840
951
540
835
791
936
275
731
531
435
551
466
543
346
206
685
865
454
267
696
423
347
377
308
790
791
399
290
506
787
799
306
615
605
215
686
911
99
557
587
162
68
679
468
570
822
581
345
836
548
524
752
574
478
683
793
757
916
825
7
995
312
148
722
625
360
400
676
932
827
396
22
748
724
458
199
354
907
55
552
629
336
257
921
88
199
865
546
360
764
529
467
796
681
678
414
328
791
446
451
959
346
44
207
764
744
487
576
758
650
918
616
937
907
554
303
128
953
817
869
64
506
135
586
721
371
653
397
823
101
959
300
27
524
777
319
79
655
778
900
767
713
609
584
606
212
260
714
480
249
177
370
464
980
458
294
758
182
274
278
832
738
384
667
682
938
788
964
421
457
767
312
497
211
624
796
571
961
423
226
662
955
325
624
743
652
636
778
805
279
119
78
417
166
706
384
854
341
993
563
941
537
176
695
402
101
695
780
855
843
602
412
522
95
914
499
199
639
882
89
459
933
164
261
322
978
35
799
830
162
618
223
655
848
633
288
119
333
33
173
974
208
84
624
129
519
642
813
822
239
781
111
442
717
363
763
52
216
374
635
468
785
731
874
318
995
496
231
633
772
384
197
666
784
381
186
259
620
526
123
892
828
336
195
196
404
364
743
279
978
780
402
636
598
826
902
373
422
231
416
22
975
142
587
812
162
148
262
934
446
335
503
950
158
480
154
213
648
451
845
685
765
881
221
408
13
633
2
470
115
970
461
947
812
49
455
90
557
370
902
171
642
296
481
918
810
316
246
680
562
176
332
655
379
364
715
276
257
272
174
958
547
520
374
656
584
363
567
712
775
310
681
785
353
490
799
365
344
76
281
633
189
6
471
9
237
855
55
46
465
981
572
606
836
453
909
794
618
199
839
750
646
231
633
785
318
183
434
396
994
592
522
413
469
601
684
312
334
785
420
221
183
939
647
628
584
409
535
142
70
247
564
441
819
515
869
325
941
88
390
782
613
128
409
537
76
762
302
34
391
373
657
257
263
228
719
817
210
508
835
383
872
826
101
160
704
528
417
68
28
59
118
139
985
912
909
266
618
209
130
236
259
650
199
248
643
27
92
660
326
327
221
252
46
390
882
909
134
945
596
991
911
658
6
962
368
173
616
576
855
510
200
227
721
682
182
968
50
846
660
252
301
997
977
707
742
643
308
543
117
11
778
468
268
282
131
526
721
703
462
231
368
954
914
596
457
749
357
850
92
799
702
778
321
764
860
372
172
699
550
46
300
858
483
836
932
30
882
972
105
796
983
232
25
819
457
682
676
113
735
42
606
791
509
482
63
679
315
444
646
786
573
788
582
536
771
776
